492 
629 604 628 623 491 
621 603 625 628 492 
636 604 623 626 493 
630 602 625 624 491 
633 603 627 625 491 
631 603 625 625 490 
635 603 627 626 491 
624 604 628 623 491 
629 603 624 624 493 
630 604 626 622 491 
636 601 626 625 493 
624 604 626 624 492 
632 603 625 623 491 
630 603 626 625 491 
635 602 626 626 491 
631 603 628 624 491 
626 602 625 622 491 
632 603 627 625 493 
632 604 627 627 491 
629 601 627 625 492 
636 603 625 624 491 
629 603 628 625 492 
628 602 625 625 492 
635 602 624 621 492 
623 604 628 623 491 
628 602 625 628 491 
633 602 623 623 491 
638 601 627 626 492 
635 603 627 625 492 
631 602 625 626 492 
629 602 627 624 491 
629 603 626 625 492 
633 602 625 625 492 
626 604 626 625 492 
637 602 626 623 492 
629 603 627 623 490 
633 603 624 623 491 
627 602 627 624 492 
640 602 627 624 492 
628 602 626 623 490 
631 603 626 626 491 
631 603 628 622 491 
635 603 624 626 491 
630 603 628 625 492 
634 603 627 626 492 
629 602 626 624 491 
632 603 626 625 492 
637 602 629 625 490 
630 603 625 624 491 
631 602 626 625 490 
630 603 627 623 491 
635 602 625 627 492 
629 602 627 623 493 
633 602 624 622 492 
627 602 625 624 491 
633 602 625 623 491 
632 602 627 625 492 
633 603 625 625 492 
633 602 628 625 491 
634 604 625 624 492 
635 602 626 623 491 
632 602 624 624 492 
630 603 625 626 491 
633 602 626 625 491 
631 602 626 624 492 
627 602 627 624 491 
628 603 627 625 491 
629 604 625 627 493 
634 602 627 627 491 
631 603 625 623 492 
629 604 625 625 491 
625 601 624 621 491 
632 602 626 625 491 
631 602 627 624 491 
635 601 626 626 493 
627 602 625 625 492 
630 602 628 627 491 
637 602 625 627 491 
628 603 626 623 492 
625 603 623 625 492 
627 604 626 620 491 
627 602 627 623 491 
632 603 627 623 491 
629 602 626 622 491 
631 602 626 625 492 
634 602 627 623 491 
635 601 627 622 490 
626 602 624 626 493 
630 602 626 624 491 
632 602 625 620 491 
635 603 626 623 492 
634 603 626 623 492 
631 604 624 624 493 
622 602 625 627 491 
629 603 626 626 492 
632 603 629 623 492 
629 603 628 624 492 
633 603 625 626 492 
635 602 626 623 492 
